149

451. Γ. 111. 411. Γ. 141. 111. 111. 111. 11111111. 555.
144. Χ. 110. 202. 255 11. 111. ὶ11141. 111141. 111. 11. 11.
11. 114. 111. 111. 411. 411.· 111. 519. 555. 555. 111. 144.
κέν ante consonas: A. 100. 139. 255. 256. 293. 527. 567.
11. 11. 111. Γ. 41. 5542 411. 111. 40. 94. 11. 190. 229. 421.
1. 111.· Ζ. 41. 225. 411414. 1111. 111411, 11414111.
291. 114. 405. 419. 454. 455. 1. 112. 155. 142. 250. 254. 501.
525. 111111. 11111. 111. 505. A. 552. M. 11411. M 141.
504. 141. 11. 11. 111. Ρ. 111. 2. 115. 111. 90. 221.
11111. 111. 511. 555. 411. 1111. 412. 452. 1141. 141.
111. 111. Ψ. 111. 505. 11. 11. 111. κ’ A. 54. 154. 141. 141.
111. 11. 125. 555. 591. Γ. 111. 1111. 1. 111. 411414111.
z. 250. M. 41. 554. 111. 111111. 1. 141. 255. 591. 111.
545. 515. 11. 255. 141. 111. Λ.· 409. (111.) M 544. 111.
M 125. 255. 521. 114. 5. 121. 111. 299. 111.(111.) ο. 111.
111. 111. 111. 11. 44. 545. P.105.'155. 595 11.·111. Σ. 250.
Γ. 11.-111111. Γ. 14. 11111. 111. 11111. 1. 111111.
x. 15. 11. 111114. 554. 550. 11141. 1111111111. 111114.
5'· 5. 255. Γ. 11. A. 141. 11141. εῑςόκε Γ. 411. 1141.
111. 111. 111. 111. 111. 14141. A. 111; 205. 555. M. 150.
11. 11. 411. 11414. 11111111. 1111 1. 509. 11. 11 111.
1111111411. 1111. 11. 52. 1111. ω. 125. 251. Ψ. 144.
0‘1'51152152. Β. 555. A. 55. 71. Z. 251.. Τ. 151. ὥς κεν
(11111111.) Ζ. 69148. 11411. Θ. 506. (ante 111.) Ζ. 364. a
161 11. 1.111; contra 11111111 11111111. 501519. 11. 141.
111411. 111. 111111. 54. 55. A. 55. 154. 225. 1111. 11.
114. 111. 111. 411. 411. 1111.111141111411441. 521.
M. 195. 251. 255. 555. 459. Θ. 10. 21. 111111111. 111411.
411. 411. 411. 411. 111. 11. 111. 111. 504. 111. 111. 411.
411. 444. 111. 114114. 11. 5. 204. 245. 525. A. 111. 111;
1111111114. M. 41. 59. 11. 11111. 259. 114111. 141.
1111. 14. 111141141111. 144111. ο. 41. 11. 50. 111.
209. 294. 545. 11. 11. 54. 211. 555. 551. 141. Ρ. 111. 111.
459. 111. 111. Σ. 111. 111. 111. 411. Γ. 111. 111. 111111.
111. 111. 1114. 114141. 111. 425. 1141111111. 452.
111111. 1111. 49. 105. 111111. 11111111. 11. 111. 111.
297. 367. 437. 459. 111114. ἅν κεν 1111111111] 111 Ν. 127.

5) Eadem 111111111111111111111111117, 11111111 111 in-

 

